for 64 data points
the mean is ...   203.32
the stdev is ..    27.87

  j (lag)   r[j] (autocorrelation)
  1        0.455
  2        0.079
  3       -0.179
  4       -0.693
  5       -0.599
  6       -0.420
  7       -0.427
  8       -0.481
  9       -0.529
 10       -0.290
 11       -0.022
 12        0.056
 13        0.067
 14       -0.247
 15       -0.526
 16       -0.365
 17       -0.579
 18       -0.508
 19       -0.578
 20       -0.803
 21       -0.876
 22       -0.974
 23       -0.824
 24       -0.518
 25       -0.278
 26       -0.050
 27        0.091
 28        0.031
 29       -0.167
 30       -0.260
 31       -0.169
 32       -0.076
 33        0.082
 34        0.186
 35        0.305
 36        0.092
 37       -0.248
 38       -0.187
 39        0.439
 40        1.093
 41        1.645
 42        2.072
 43        1.859
 44        1.626
 45        0.936
 46        0.504
 47        1.355
 48        0.961
 49        1.303
 50        0.948
