for 64 data points
the mean is ...   201.01
the stdev is ..    22.15

  j (lag)   r[j] (autocorrelation)
  1        0.033
  2       -0.359
  3       -0.006
  4        0.273
  5       -0.134
  6       -0.066
  7        0.120
  8        0.219
  9       -0.301
 10       -0.012
 11       -0.005
 12       -1.013
 13       -1.267
 14       -0.612
 15       -0.466
 16       -1.248
 17       -1.519
 18       -1.336
 19       -1.172
 20       -1.310
 21       -0.559
 22       -0.583
 23       -0.550
 24       -0.756
 25       -0.356
 26       -0.545
 27       -0.981
 28       -0.471
 29        0.167
 30        0.013
 31       -0.129
 32       -0.084
 33       -0.013
 34       -0.312
 35       -0.446
 36        1.084
 37        1.662
 38        0.738
 39        0.520
 40        1.144
 41        0.889
 42        1.392
 43        1.704
 44        2.427
 45        2.256
 46        2.740
 47        4.434
 48        3.094
 49        1.825
 50        3.051
