for 64 data points
the mean is ...   197.80
the stdev is ..    28.27

  j (lag)   r[j] (autocorrelation)
  1        0.693
  2        0.626
  3        0.431
  4        0.426
  5        0.536
  6        0.730
  7        0.787
  8        0.782
  9        0.864
 10        0.764
 11        0.737
 12        0.798
 13        0.663
 14        0.645
 15        0.357
 16       -0.015
 17       -0.097
 18       -0.027
 19       -0.118
 20        0.005
 21        0.185
 22        0.426
 23        0.754
 24        0.759
 25        0.305
 26       -0.098
 27       -0.673
 28       -0.852
 29       -0.634
 30       -0.335
 31       -0.045
 32        0.072
 33        0.109
 34        0.286
 35        0.488
 36        0.583
 37        0.365
 38        0.032
 39        0.005
 40       -0.552
 41       -0.575
 42       -0.552
 43       -0.382
 44       -0.633
 45       -0.334
 46       -0.125
 47        0.496
 48       -0.294
 49       -1.354
 50       -3.143
