for 64 data points
the mean is ...   203.41
the stdev is ..    25.43

  j (lag)   r[j] (autocorrelation)
  1        0.445
  2       -0.015
  3       -0.134
  4       -0.354
  5       -0.485
  6       -0.366
  7       -0.142
  8        0.154
  9        0.377
 10        0.236
 11        0.317
 12        0.254
 13       -0.092
 14        0.011
 15        0.281
 16        0.299
 17        0.181
 18        0.238
 19        0.503
 20        0.859
 21        0.960
 22        0.482
 23        0.549
 24        0.472
 25        0.492
 26        0.554
 27        1.082
 28        1.207
 29        1.966
 30        2.081
 31        0.814
 32       -0.223
 33       -0.980
 34       -2.170
 35       -1.825
 36       -1.570
 37       -1.065
 38       -0.626
 39       -1.241
 40       -1.493
 41       -1.336
 42       -0.898
 43       -1.785
 44       -1.535
 45       -0.947
 46       -0.632
 47       -0.859
 48       -0.890
 49       -0.458
 50       -0.551
