for 64 data points
the mean is ...   201.12
the stdev is ..    12.90

  j (lag)   r[j] (autocorrelation)
  1       -0.109
  2        0.064
  3        0.434
  4        0.339
  5        0.306
  6       -0.023
  7        0.054
  8       -0.213
  9       -1.163
 10       -1.189
 11       -1.114
 12       -0.481
 13       -1.003
 14       -0.587
 15       -0.686
 16       -1.458
 17       -1.013
 18       -0.267
 19        0.887
 20        1.412
 21        1.608
 22        2.601
 23        1.596
 24        1.850
 25        2.506
 26        2.443
 27        0.846
 28        0.516
 29        0.152
 30       -0.817
 31        0.025
 32       -0.056
 33        0.237
 34        0.792
 35        0.110
 36       -0.349
 37       -1.240
 38       -3.830
 39       -4.041
 40       -3.345
 41       -2.778
 42       -4.492
 43       -3.077
 44       -3.241
 45       -2.097
 46        0.060
 47        2.720
 48        4.083
 49        2.187
 50        2.743
