for 64 data points
the mean is ...   201.36
the stdev is ..    36.77

  j (lag)   r[j] (autocorrelation)
  1        0.761
  2        0.700
  3        0.753
  4        0.861
  5        0.794
  6        0.680
  7        0.753
  8        0.801
  9        0.836
 10        0.905
 11        0.908
 12        1.028
 13        1.205
 14        1.496
 15        1.624
 16        1.373
 17        1.322
 18        1.465
 19        1.566
 20        1.345
 21        1.297
 22        1.320
 23        1.553
 24        1.583
 25        1.431
 26        1.333
 27        1.329
 28        1.262
 29        1.118
 30        0.704
 31        0.171
 32       -0.371
 33       -0.733
 34       -1.109
 35       -1.843
 36       -2.236
 37       -2.288
 38       -2.330
 39       -2.865
 40       -2.937
 41       -3.036
 42       -2.956
 43       -3.047
 44       -3.159
 45       -3.510
 46       -3.637
 47       -3.890
 48       -3.787
 49       -4.375
 50       -4.735
